{
 "cells": [
  {
   "cell_type": "markdown",
   "metadata": {},
   "source": [
    "<h2><center>Author: Ricardo Manzano Sanchez.</center></h2>\n",
    "<h2><center>Email: ricardoamsrams@gmail.com</center></h2>\n",
    "\n",
    "The main goal of the present report is to show different techniques of normalization and scalation in the first part. In the second part has the objective to analyze different distance metrics among instances. Finally, the third part has the goal to show graphically the differences among normalization methods. In this assignment has been used the dataset \"Wine quality\" that can be downloaded from http://archive.ics.uci.edu/ml/machine-learning-databases/wine-quality/. This dataset has the following columns or attributes\n",
    "\n",
    "   1. fixed acidity\n",
    "   2. volatile acidity\n",
    "   3. citric acid\n",
    "   4. residual sugar\n",
    "   5. chlorides\n",
    "   6. free sulfur dioxide\n",
    "   7. total sulfur dioxide\n",
    "   8. density\n",
    "   9. pH\n",
    "   10. sulphates\n",
    "   11. alcohol\n",
    "   12. quality (score between 0 and 10)\n",
    "\n",
    "Attributes between 1 to 11 have been considered features while the attribute 12 is the output or label of the dataset. For this reason, all the questions of this homework will be answered using the attributes between 1 to 11.\n",
    "4 libraries will be used in the present homework pandas, matplotlib, numpy and sklearn.\n",
    "\n",
    "Pandas is useful to work with dataframes. It has thousand of functions to calculate statistics, difficult operations with dataframes. \n",
    "\n",
    "Numpy is powerful to work multidimensional vectors, linear algebra, transformations, statistics and other functions. \n",
    "\n",
    "Matplotlib is one of the most powerful tools to plot data with high quality and performance.\n",
    "\n",
    "Sklearn has important algorithms related with big data to pre-process data, create classification and regression models.  \n",
    "\n",
    "At the beginning, it is necessary to import the libraries that we need to accomplish the requirements of the homework. In the next lines are imported all the libraries.\n"
   ]
  },
  {
   "cell_type": "code",
   "execution_count": 1,
   "metadata": {},
   "outputs": [],
   "source": [
    "# import csv\n",
    "import pandas as pd\n",
    "import matplotlib.pyplot as plt\n",
    "import numpy as np\n",
    "from sklearn import preprocessing\n",
    "from sklearn.preprocessing import MinMaxScaler\n",
    "from sklearn.preprocessing import StandardScaler\n",
    "from sklearn.metrics.pairwise import euclidean_distances\n",
    "from sklearn.neighbors import DistanceMetric\n",
    "from sklearn.metrics.pairwise import cosine_similarity\n"
   ]
  },
  {
   "cell_type": "markdown",
   "metadata": {},
   "source": [
    "To import the data \"Wine quality\" to phyton, it is necessary to declare the path where this file.csv was saved. After to declare the path, the function pd.read_csv from Pandas library is used to read the file __winequality-red.csv__ which has the data of interest.\n",
    "\n",
    "This file is imported into phyton as a dataframe; therefore, it is necessary to use dataframe operations from pandas to work with this data."
   ]
  },
  {
   "cell_type": "code",
   "execution_count": 2,
   "metadata": {},
   "outputs": [],
   "source": [
    "path = 'C:\\\\RICARDO\\\\winequality-red.csv'\n",
    "a=pd.read_csv(path,delimiter=\";\")"
   ]
  },
  {
   "cell_type": "markdown",
   "metadata": {},
   "source": [
    "The first requirement of the homework is select the first 10 instances of the database. In addition, as we described the column 12 is considered a label; thus, it is excluded of the data. These two requirements are accomplished using the function iloc from pandas."
   ]
  },
  {
   "cell_type": "code",
   "execution_count": 3,
   "metadata": {
    "scrolled": true
   },
   "outputs": [
    {
     "name": "stdout",
     "output_type": "stream",
     "text": [
      "   fixed acidity  volatile acidity  citric acid  residual sugar  chlorides  \\\n",
      "0            7.4              0.70         0.00             1.9      0.076   \n",
      "1            7.8              0.88         0.00             2.6      0.098   \n",
      "2            7.8              0.76         0.04             2.3      0.092   \n",
      "3           11.2              0.28         0.56             1.9      0.075   \n",
      "4            7.4              0.70         0.00             1.9      0.076   \n",
      "5            7.4              0.66         0.00             1.8      0.075   \n",
      "6            7.9              0.60         0.06             1.6      0.069   \n",
      "7            7.3              0.65         0.00             1.2      0.065   \n",
      "8            7.8              0.58         0.02             2.0      0.073   \n",
      "9            7.5              0.50         0.36             6.1      0.071   \n",
      "\n",
      "   free sulfur dioxide  total sulfur dioxide  density    pH  sulphates  \\\n",
      "0                 11.0                  34.0   0.9978  3.51       0.56   \n",
      "1                 25.0                  67.0   0.9968  3.20       0.68   \n",
      "2                 15.0                  54.0   0.9970  3.26       0.65   \n",
      "3                 17.0                  60.0   0.9980  3.16       0.58   \n",
      "4                 11.0                  34.0   0.9978  3.51       0.56   \n",
      "5                 13.0                  40.0   0.9978  3.51       0.56   \n",
      "6                 15.0                  59.0   0.9964  3.30       0.46   \n",
      "7                 15.0                  21.0   0.9946  3.39       0.47   \n",
      "8                  9.0                  18.0   0.9968  3.36       0.57   \n",
      "9                 17.0                 102.0   0.9978  3.35       0.80   \n",
      "\n",
      "   alcohol  \n",
      "0      9.4  \n",
      "1      9.8  \n",
      "2      9.8  \n",
      "3      9.8  \n",
      "4      9.4  \n",
      "5      9.4  \n",
      "6      9.4  \n",
      "7     10.0  \n",
      "8      9.5  \n",
      "9     10.5  \n"
     ]
    }
   ],
   "source": [
    "a=a.iloc[0:10,0:11]\n",
    "print(a)\n",
    "#,names=('fixed acidity', 'volatile acidity', 'citric acid',' residual sugar','chlorides','free sulfur dioxide','total sulfur dioxide','density','pH','sulphates','alcohol','quality'))\n",
    "a.to_csv('ass2.csv', sep=',')"
   ]
  },
  {
   "cell_type": "markdown",
   "metadata": {},
   "source": [
    "NORMALIZATION"
   ]
  },
  {
   "cell_type": "markdown",
   "metadata": {},
   "source": [
    "In this section, we normalize the attributes using different kind of methods. \n",
    "The first method used is min-max normalization. For each attribute is applied the following formula\n",
    "$$X'=\\frac{X-X_{min}}{X_{max}-X_{min}}$$\n",
    "To apply this formula efficiently the library MinMaxScaler from sklearn has been used. As we can see in the following lines of code\n"
   ]
  },
  {
   "cell_type": "code",
   "execution_count": 4,
   "metadata": {},
   "outputs": [
    {
     "name": "stdout",
     "output_type": "stream",
     "text": [
      "[0.02564103 0.7        0.         0.14285714 0.33333333 0.125\n",
      " 0.19047619 0.94117647 1.         0.29411765 0.        ]\n",
      "[0.12820513 1.         0.         0.28571429 1.         1.\n",
      " 0.58333333 0.64705882 0.11428571 0.64705882 0.36363636]\n",
      "[0.12820513 0.8        0.07142857 0.2244898  0.81818182 0.375\n",
      " 0.42857143 0.70588235 0.28571429 0.55882353 0.36363636]\n",
      "[1.         0.         1.         0.14285714 0.3030303  0.5\n",
      " 0.5        1.         0.         0.35294118 0.36363636]\n",
      "[0.02564103 0.7        0.         0.14285714 0.33333333 0.125\n",
      " 0.19047619 0.94117647 1.         0.29411765 0.        ]\n",
      "[0.02564103 0.63333333 0.         0.12244898 0.3030303  0.25\n",
      " 0.26190476 0.94117647 1.         0.29411765 0.        ]\n",
      "[0.15384615 0.53333333 0.10714286 0.08163265 0.12121212 0.375\n",
      " 0.48809524 0.52941176 0.4        0.         0.        ]\n",
      "[0.         0.61666667 0.         0.         0.         0.375\n",
      " 0.03571429 0.         0.65714286 0.02941176 0.54545455]\n",
      "[0.12820513 0.5        0.03571429 0.16326531 0.24242424 0.\n",
      " 0.         0.64705882 0.57142857 0.32352941 0.09090909]\n",
      "[0.05128205 0.36666667 0.64285714 1.         0.18181818 0.5\n",
      " 1.         0.94117647 0.54285714 1.         1.        ]\n",
      "\t\t\t\t\t\n"
     ]
    }
   ],
   "source": [
    "scaler_minmax = MinMaxScaler(feature_range=(0, 1))\n",
    "scaler_minmax  = scaler_minmax.fit(a)\n",
    "normalized_minmax = scaler_minmax.transform(a)\n",
    "for i in range(10):\n",
    "\tprint(normalized_minmax[i])\n",
    "print(\"\\t\\t\\t\\t\\t\")\n"
   ]
  },
  {
   "cell_type": "markdown",
   "metadata": {},
   "source": [
    "The second normalization applied to the data is z-score normalized values. In this case the following mathematical expression is applied to each column or attribute\n",
    "$$Z=\\frac{X-\\mu}{\\sigma}$$.\n",
    "To apply this equation in a fast and precise way. It is used the function StandardScaler from sklearn to accomplish this requeriment."
   ]
  },
  {
   "cell_type": "code",
   "execution_count": 5,
   "metadata": {},
   "outputs": [
    {
     "name": "stdout",
     "output_type": "stream",
     "text": [
      "[-0.49866241  0.45175298 -0.5634891  -0.32939797 -0.10336228 -0.89666544\n",
      " -0.62657607  0.73120002  1.27646617 -0.30519553 -0.88083033]\n",
      "[-0.13599884  1.63023903 -0.5634891   0.20683128  2.17060786  2.40683881\n",
      "  0.76114274 -0.28435556 -1.27646617  0.95768253  0.29361011]\n",
      "[-0.13599884  0.84458166 -0.34676252 -0.02298125  1.55043418  0.04719292\n",
      "  0.21446563 -0.08124445 -0.78235023  0.64196302  0.29361011]\n",
      "[ 2.94664152 -2.29804778  2.47068296 -0.32939797 -0.20672456  0.5191221\n",
      "  0.46677815  0.93431113 -1.6058768  -0.09471585  0.29361011]\n",
      "[-0.49866241  0.45175298 -0.5634891  -0.32939797 -0.10336228 -0.89666544\n",
      " -0.62657607  0.73120002  1.27646617 -0.30519553 -0.88083033]\n",
      "[-0.49866241  0.1898672  -0.5634891  -0.40600215 -0.20672456 -0.42473626\n",
      " -0.37426356  0.73120002  1.27646617 -0.30519553 -0.88083033]\n",
      "[-0.04533295 -0.20296149 -0.23839923 -0.55921051 -0.82689823  0.04719292\n",
      "  0.42472606 -0.69057779 -0.45293961 -1.35759392 -0.88083033]\n",
      "[-0.5893283   0.12439575 -0.5634891  -0.86562722 -1.24034735  0.04719292\n",
      " -1.17325318 -2.51857784  0.2882343  -1.25235408  0.88083033]\n",
      "[-0.13599884 -0.33390438 -0.45512581 -0.25279379 -0.41344912 -1.36859462\n",
      " -1.29940943 -0.28435556  0.04117633 -0.19995569 -0.58722022]\n",
      "[-0.40799652 -0.85767595  1.38705008  2.88797754 -0.62017367  0.5191221\n",
      "  2.23296572  0.73120002 -0.04117633  2.2205606   2.34888088]\n",
      "\t\t\t\t\t\n"
     ]
    }
   ],
   "source": [
    "scaler_us =StandardScaler()\n",
    "scaler_us = scaler_us.fit(a)\n",
    "normalized_us = scaler_us.transform(a)\n",
    "for i in range(10):\n",
    "\tprint(normalized_us[i])\n",
    "print(\"\\t\\t\\t\\t\\t\")"
   ]
  },
  {
   "cell_type": "markdown",
   "metadata": {},
   "source": [
    "Finally, to normalized the data using mean subtracted normalization, it is necessary to apply to each attribute the following mathematical expression\n",
    "$$X'={X-\\mu}$$.\n",
    "To accomplish this requeriment, due to the fact that a direct function does not exist in Sklearn, a manually procedure has been followed as it is shown in the next lines of code"
   ]
  },
  {
   "cell_type": "code",
   "execution_count": 6,
   "metadata": {},
   "outputs": [
    {
     "name": "stdout",
     "output_type": "stream",
     "text": [
      "[[-5.50e-01  6.90e-02 -1.04e-01 -4.30e-01 -1.00e-03 -3.80e+00 -1.49e+01\n",
      "   7.20e-04  1.55e-01 -2.90e-02 -3.00e-01]\n",
      " [-1.50e-01  2.49e-01 -1.04e-01  2.70e-01  2.10e-02  1.02e+01  1.81e+01\n",
      "  -2.80e-04 -1.55e-01  9.10e-02  1.00e-01]\n",
      " [-1.50e-01  1.29e-01 -6.40e-02 -3.00e-02  1.50e-02  2.00e-01  5.10e+00\n",
      "  -8.00e-05 -9.50e-02  6.10e-02  1.00e-01]\n",
      " [ 3.25e+00 -3.51e-01  4.56e-01 -4.30e-01 -2.00e-03  2.20e+00  1.11e+01\n",
      "   9.20e-04 -1.95e-01 -9.00e-03  1.00e-01]\n",
      " [-5.50e-01  6.90e-02 -1.04e-01 -4.30e-01 -1.00e-03 -3.80e+00 -1.49e+01\n",
      "   7.20e-04  1.55e-01 -2.90e-02 -3.00e-01]\n",
      " [-5.50e-01  2.90e-02 -1.04e-01 -5.30e-01 -2.00e-03 -1.80e+00 -8.90e+00\n",
      "   7.20e-04  1.55e-01 -2.90e-02 -3.00e-01]\n",
      " [-5.00e-02 -3.10e-02 -4.40e-02 -7.30e-01 -8.00e-03  2.00e-01  1.01e+01\n",
      "  -6.80e-04 -5.50e-02 -1.29e-01 -3.00e-01]\n",
      " [-6.50e-01  1.90e-02 -1.04e-01 -1.13e+00 -1.20e-02  2.00e-01 -2.79e+01\n",
      "  -2.48e-03  3.50e-02 -1.19e-01  3.00e-01]\n",
      " [-1.50e-01 -5.10e-02 -8.40e-02 -3.30e-01 -4.00e-03 -5.80e+00 -3.09e+01\n",
      "  -2.80e-04  5.00e-03 -1.90e-02 -2.00e-01]\n",
      " [-4.50e-01 -1.31e-01  2.56e-01  3.77e+00 -6.00e-03  2.20e+00  5.31e+01\n",
      "   7.20e-04 -5.00e-03  2.11e-01  8.00e-01]]\n"
     ]
    }
   ],
   "source": [
    "normalized_u=np.zeros(shape=(10,11))\n",
    "for i in range(0,11):\n",
    "    ta=a.iloc[:,i]\n",
    "    tas=ta.mean()\n",
    "    normalized_u[:,i]=a.iloc[:,i]-tas\n",
    "print(normalized_u)"
   ]
  },
  {
   "cell_type": "markdown",
   "metadata": {},
   "source": [
    "Type of distances"
   ]
  },
  {
   "cell_type": "markdown",
   "metadata": {},
   "source": [
    "In this section, it is necessary to determine which is the minimun and the maximun distance metric for each instance considering the remaining instances of the reduced dataset.\n",
    "The first distance to determine is euclidean distance. To determine this distance, it is necessary to apply the following mathematical expression \n",
    "\n",
    "$$d=\\sqrt{\\sum_{i=1}^{11}( {X_{i}-Y_{i}})^2}$$\n",
    "\n",
    "Where $X_{i}$ is one instance, and $Y_{i}$ is another instance. The value of 11 are the number of attributes considered in the euclidean distance. \n",
    "To apply this equation in a fast way is used a library from skelearn as follows.\n"
   ]
  },
  {
   "cell_type": "code",
   "execution_count": 7,
   "metadata": {
    "scrolled": true
   },
   "outputs": [
    {
     "name": "stdout",
     "output_type": "stream",
     "text": [
      "Data to find euclidean distance\n",
      "\t\n",
      "Euclidean distance\n",
      "[[ 0.         35.86019221 20.40970496 26.96688527  0.          6.32547239\n",
      "  25.32602912 13.63396975 16.13125569 68.404041  ]\n",
      " [35.86019221  0.         16.40458887 11.21319448 35.86019221 29.56551082\n",
      "  12.85734192 47.09972605 51.55170923 36.0851996 ]\n",
      " [20.40970496 16.40458887  0.          7.22744699 20.40970496 14.16518583\n",
      "   5.07190589 33.02368445 36.49972001 48.19980334]\n",
      " [26.96688527 11.21319448  7.22744699  0.         26.96688527 20.76513665\n",
      "   4.06527226 39.25882845 42.89617355 42.37915662]\n",
      " [ 0.         35.86019221 20.40970496 26.96688527  0.          6.32547239\n",
      "  25.32602912 13.63396975 16.13125569 68.404041  ]\n",
      " [ 6.32547239 29.56551082 14.16518583 20.76513665  6.32547239  0.\n",
      "  19.1141659  19.12466236 22.36603239 62.28923194]\n",
      " [25.32602912 12.85734192  5.07190589  4.06527226 25.32602912 19.1141659\n",
      "   0.         38.01176554 41.4390844  43.29940076]\n",
      " [13.63396975 47.09972605 33.02368445 39.25882845 13.63396975 19.12466236\n",
      "  38.01176554  0.          6.79384051 81.17612116]\n",
      " [16.13125569 51.55170923 36.49972001 42.89617355 16.13125569 22.36603239\n",
      "  41.4390844   6.79384051  0.         84.48712923]\n",
      " [68.404041   36.0851996  48.19980334 42.37915662 68.404041   62.28923194\n",
      "  43.29940076 81.17612116 84.48712923  0.        ]]\n",
      "\t\n"
     ]
    }
   ],
   "source": [
    "y=a.iloc[:,:]\n",
    "print(\"Data to find euclidean distance\")\n",
    "#print(y)\n",
    "print(\"\\t\")\n",
    "dist_euclidean = DistanceMetric.get_metric('euclidean')\n",
    "dmax_euclidean=dist_euclidean.pairwise(y)\n",
    "dmin_euclidean=dist_euclidean.pairwise(y)\n",
    "print(\"Euclidean distance\")\n",
    "print(dmax_euclidean)\n",
    "print(\"\\t\")\n"
   ]
  },
  {
   "cell_type": "markdown",
   "metadata": {},
   "source": [
    "To calculate the manhattan distance is used the following expression\n",
    "$$m={\\sum_{i=1}^{11}\\mid {X_{i}-Y_{i}}\\mid}$$\n",
    "Where i is the attribute, $X_{i}$ is one instance, and $Y_{i}$ is another instance.\n",
    "To calculate the manhattan distance among all the the instances is used a function of sklearn as follows\n"
   ]
  },
  {
   "cell_type": "code",
   "execution_count": 8,
   "metadata": {},
   "outputs": [
    {
     "name": "stdout",
     "output_type": "stream",
     "text": [
      "\t Manhattan distance\n",
      "[[ 0.     49.133  25.6568 37.5512  0.      8.141  30.2784 18.6742 18.904\n",
      "  80.365 ]\n",
      " [49.133   0.     23.5562 20.4242 49.133  41.274  20.1894 58.7652 66.515\n",
      "  48.538 ]\n",
      " [25.6568 23.5562  0.     12.988  25.6568 17.7978  6.6336 35.2894 42.9992\n",
      "  55.6418]\n",
      " [37.5512 20.4242 12.988   0.     37.5512 29.6102  8.0876 47.0834 54.8532\n",
      "  51.4342]\n",
      " [ 0.     49.133  25.6568 37.5512  0.      8.141  30.2784 18.6742 18.904\n",
      "  80.365 ]\n",
      " [ 8.141  41.274  17.7978 29.6102  8.141   0.     22.1374 22.5332 26.963\n",
      "  72.424 ]\n",
      " [30.2784 20.1894  6.6336  8.0876 30.2784 22.1374  0.     39.8158 47.8344\n",
      "  51.7934]\n",
      " [18.6742 58.7652 35.2894 47.0834 18.6742 22.5332 39.8158  0.     11.0302\n",
      "  89.4892]\n",
      " [18.904  66.515  42.9992 54.8532 18.904  26.963  47.8344 11.0302  0.\n",
      "  98.063 ]\n",
      " [80.365  48.538  55.6418 51.4342 80.365  72.424  51.7934 89.4892 98.063\n",
      "   0.    ]]\n",
      "\t\n"
     ]
    }
   ],
   "source": [
    "dist_manhattan = DistanceMetric.get_metric('manhattan')\n",
    "dmax_manhattan=dist_manhattan.pairwise(y)\n",
    "dmin_manhattan=dist_manhattan.pairwise(y)\n",
    "print(\"\\t Manhattan distance\")\n",
    "print(dmax_manhattan)\n",
    "print(\"\\t\")\n"
   ]
  },
  {
   "cell_type": "markdown",
   "metadata": {},
   "source": [
    "Finally, to determine the cosine distance among all the instances is used a function of sklearn as follows"
   ]
  },
  {
   "cell_type": "code",
   "execution_count": 9,
   "metadata": {},
   "outputs": [
    {
     "name": "stdout",
     "output_type": "stream",
     "text": [
      "Cosine distance\n",
      "[[1.         0.98659737 0.99315648 0.99285213 1.         0.99881818\n",
      "  0.98925802 0.9524558  0.96433102 0.96810503]\n",
      " [0.98659737 1.         0.99527462 0.99427713 0.98659737 0.99307901\n",
      "  0.99393887 0.92977556 0.92055875 0.98050942]\n",
      " [0.99315648 0.99527462 1.         0.9989157  0.99315648 0.99720891\n",
      "  0.9994156  0.91986199 0.92735937 0.98947244]\n",
      " [0.99285213 0.99427713 0.9989157  1.         0.99285213 0.99666649\n",
      "  0.9984373  0.92149576 0.92961129 0.98669853]\n",
      " [1.         0.98659737 0.99315648 0.99285213 1.         0.99881818\n",
      "  0.98925802 0.9524558  0.96433102 0.96810503]\n",
      " [0.99881818 0.99307901 0.99720891 0.99666649 0.99881818 1.\n",
      "  0.99441713 0.9450927  0.95208809 0.9763929 ]\n",
      " [0.98925802 0.99393887 0.9994156  0.9984373  0.98925802 0.99441713\n",
      "  1.         0.90737361 0.91560403 0.9929439 ]\n",
      " [0.9524558  0.92977556 0.91986199 0.92149576 0.9524558  0.9450927\n",
      "  0.90737361 1.         0.9842541  0.85443233]\n",
      " [0.96433102 0.92055875 0.92735937 0.92961129 0.96433102 0.95208809\n",
      "  0.91560403 0.9842541  1.         0.86885558]\n",
      " [0.96810503 0.98050942 0.98947244 0.98669853 0.96810503 0.9763929\n",
      "  0.9929439  0.85443233 0.86885558 1.        ]]\n"
     ]
    }
   ],
   "source": [
    "print(\"Cosine distance\")\n",
    "dmax_cosine=cosine_similarity(y)\n",
    "dmin_cosine=cosine_similarity(y)\n",
    "print(dmax_cosine)"
   ]
  },
  {
   "cell_type": "markdown",
   "metadata": {},
   "source": [
    "The requirement of the homework is present the minimun and the maximun distance for each instance. The following lines of code retrieve this information of the matrices exposed above.\n",
    "The results are presented in two matrices. The first matrix shows the values of the min and the max distances to each instance, while the matrix 2 shows the number instance which has the minimun and the number of instance that has the maximum value. It is necessary to highlight that it is necessary to modify the values of the diagonal with the goal that these values have not been considered in the selection of the maximum and the minimun. This procedure has been done before to extract the min and the max for each instance\n",
    "\n",
    "For the euclidean distance the results are shown below:"
   ]
  },
  {
   "cell_type": "code",
   "execution_count": 10,
   "metadata": {},
   "outputs": [
    {
     "name": "stdout",
     "output_type": "stream",
     "text": [
      "\t\n",
      "Euclidean distance results\t\n",
      "Euclidean distance results min-max values\t\n",
      "[[ 0.         68.404041  ]\n",
      " [11.21319448 51.55170923]\n",
      " [ 5.07190589 48.19980334]\n",
      " [ 4.06527226 42.89617355]\n",
      " [ 0.         68.404041  ]\n",
      " [ 6.32547239 62.28923194]\n",
      " [ 4.06527226 43.29940076]\n",
      " [ 6.79384051 81.17612116]\n",
      " [ 6.79384051 84.48712923]\n",
      " [36.0851996  84.48712923]]\n",
      "\t\n",
      "Euclidean distance results min-max number of \t\n",
      "[[4. 9.]\n",
      " [3. 8.]\n",
      " [6. 9.]\n",
      " [6. 8.]\n",
      " [0. 9.]\n",
      " [0. 9.]\n",
      " [3. 9.]\n",
      " [8. 9.]\n",
      " [7. 9.]\n",
      " [1. 8.]]\n"
     ]
    }
   ],
   "source": [
    "#EUCLIDEAN \n",
    "dmax_euclidean[np.diag_indices_from(dmax_euclidean)]=-np.inf\n",
    "dmax_euclidean=dmax_euclidean\n",
    "#np.savetxt(\"dmax_euclidean.csv\",dmax_euclidean, delimiter=\",\")\n",
    "\n",
    "dmin_euclidean[np.diag_indices_from(dmin_euclidean)]=np.inf\n",
    "dmin_euclidean=dmin_euclidean\n",
    "#np.savetxt(\"dmin_euclidean.csv\", dmin_euclidean, delimiter=\",\")\n",
    "#print(\"Euclidean distance max\\t\")\n",
    "#print(dmax_euclidean)\n",
    "#print(\"\\t\")\n",
    "#print(\"Euclidean distance min\\t\")\n",
    "#print(dmin_euclidean)\n",
    "\n",
    "\n",
    "result1_euclidean=np.zeros(shape=(10,2))\n",
    "result2_euclidean=np.zeros(shape=(10,2))\n",
    "for i in range(10):\n",
    "        min1=min(dmin_euclidean[:,i])\n",
    "        gmin=np.argmin(dmin_euclidean[:,i])\n",
    "        max1=max(dmax_euclidean[:,i])\n",
    "        gmax=np.argmax(dmax_euclidean[:,i])\n",
    "        result1_euclidean[i,0]=min1\n",
    "        result1_euclidean[i,1]=max1\n",
    "        result2_euclidean[i,0]=gmin\n",
    "        result2_euclidean[i,1]=gmax\n",
    "\n",
    "print(\"\\t\")\n",
    "print(\"Euclidean distance results\\t\")    \n",
    "print(\"Euclidean distance results min-max values\\t\") \n",
    "print(result1_euclidean)\n",
    "print(\"\\t\")\n",
    "print(\"Euclidean distance results min-max number of \\t\") \n",
    "print(result2_euclidean)\n"
   ]
  },
  {
   "cell_type": "markdown",
   "metadata": {},
   "source": [
    "For the manhattan distance"
   ]
  },
  {
   "cell_type": "code",
   "execution_count": 11,
   "metadata": {},
   "outputs": [
    {
     "name": "stdout",
     "output_type": "stream",
     "text": [
      "\t\n",
      "manhattan distance results\t\n",
      "manhattan distance results min-max values\t\n",
      "[[ 0.     80.365 ]\n",
      " [20.1894 66.515 ]\n",
      " [ 6.6336 55.6418]\n",
      " [ 8.0876 54.8532]\n",
      " [ 0.     80.365 ]\n",
      " [ 8.141  72.424 ]\n",
      " [ 6.6336 51.7934]\n",
      " [11.0302 89.4892]\n",
      " [11.0302 98.063 ]\n",
      " [48.538  98.063 ]]\n",
      "\t\n",
      "manhattan distance results min-max positions\t\n",
      "[[4. 9.]\n",
      " [6. 8.]\n",
      " [6. 9.]\n",
      " [6. 8.]\n",
      " [0. 9.]\n",
      " [0. 9.]\n",
      " [2. 9.]\n",
      " [8. 9.]\n",
      " [7. 9.]\n",
      " [1. 8.]]\n"
     ]
    }
   ],
   "source": [
    "\n",
    "#MANHATTAN\n",
    "dmax_manhattan[np.diag_indices_from(dmax_manhattan)]=-np.inf\n",
    "dmax_manhattan=dmax_manhattan\n",
    "np.savetxt(\"dmax_manhattan.csv\",dmax_manhattan, delimiter=\",\")\n",
    "\n",
    "dmin_manhattan[np.diag_indices_from(dmin_manhattan)]=np.inf\n",
    "dmin_manhattan=dmin_manhattan\n",
    "#np.savetxt(\"dmin_euclidean.csv\",dmin_manhattan, delimiter=\",\")\n",
    "#print(\"Manhattan distance max\\t\")\n",
    "#print(dmax_manhattan)\n",
    "#print(\"\\t\")\n",
    "#print(\"Manhattan distance min\\t\")\n",
    "#print(dmin_manhattan)\n",
    "\n",
    "result1_manhattan=np.zeros(shape=(10,2))\n",
    "result2_manhattan=np.zeros(shape=(10,2))\n",
    "for i in range(10):\n",
    "        min1=min(dmin_manhattan[:,i])\n",
    "        gmin=np.argmin(dmin_manhattan[:,i])\n",
    "        max1=max(dmax_manhattan[:,i])\n",
    "        gmax=np.argmax(dmax_manhattan[:,i])\n",
    "        result1_manhattan[i,0]=min1\n",
    "        result1_manhattan[i,1]=max1\n",
    "        result2_manhattan[i,0]=gmin\n",
    "        result2_manhattan[i,1]=gmax\n",
    "\n",
    "print(\"\\t\")\n",
    "print(\"manhattan distance results\\t\")    \n",
    "print(\"manhattan distance results min-max values\\t\") \n",
    "print(result1_manhattan)\n",
    "print(\"\\t\")\n",
    "print(\"manhattan distance results min-max positions\\t\") \n",
    "print(result2_manhattan)\n",
    "\n",
    "\n",
    "\n"
   ]
  },
  {
   "cell_type": "markdown",
   "metadata": {},
   "source": [
    "For the cosine distance"
   ]
  },
  {
   "cell_type": "code",
   "execution_count": 12,
   "metadata": {},
   "outputs": [
    {
     "name": "stdout",
     "output_type": "stream",
     "text": [
      "\t\n",
      "cosine distance results\t\n",
      "cosine distance results min-max values\t\n",
      "[[0.9524558  1.        ]\n",
      " [0.92055875 0.99527462]\n",
      " [0.91986199 0.9994156 ]\n",
      " [0.92149576 0.9989157 ]\n",
      " [0.9524558  1.        ]\n",
      " [0.9450927  0.99881818]\n",
      " [0.90737361 0.9994156 ]\n",
      " [0.85443233 0.9842541 ]\n",
      " [0.86885558 0.9842541 ]\n",
      " [0.85443233 0.9929439 ]]\n",
      "\t\n",
      "cosine distance results min-max positions\t\n",
      "[[7. 4.]\n",
      " [8. 2.]\n",
      " [7. 6.]\n",
      " [7. 2.]\n",
      " [7. 0.]\n",
      " [7. 0.]\n",
      " [7. 2.]\n",
      " [9. 8.]\n",
      " [9. 7.]\n",
      " [7. 6.]]\n"
     ]
    }
   ],
   "source": [
    "\n",
    "#COSINE\n",
    "dmax_cosine[np.diag_indices_from(dmax_cosine)]=-np.inf\n",
    "dmax_cosine=dmax_cosine\n",
    "#np.savetxt(\"dmax_cosine.csv\",dmax_cosine, delimiter=\",\")\n",
    "\n",
    "dmin_cosine[np.diag_indices_from(dmin_cosine)]=np.inf\n",
    "dmin_cosine=dmin_cosine\n",
    "#np.savetxt(\"dmin_cosine.csv\",dmin_cosine, delimiter=\",\")\n",
    "#print(\"cosine distance max\\t\")\n",
    "#print(dmax_cosine)\n",
    "#print(\"\\t\")\n",
    "#print(\"cosinedistance min\\t\")\n",
    "#print(dmin_cosine)\n",
    "\n",
    "\n",
    "result1_cosine=np.zeros(shape=(10,2))\n",
    "result2_cosine=np.zeros(shape=(10,2))\n",
    "for i in range(10):\n",
    "        min1=min(dmin_cosine[:,i])\n",
    "        gmin=np.argmin(dmin_cosine[:,i])\n",
    "        max1=max(dmax_cosine[:,i])\n",
    "        gmax=np.argmax(dmax_cosine[:,i])\n",
    "        result1_cosine[i,0]=min1\n",
    "        result1_cosine[i,1]=max1\n",
    "        result2_cosine[i,0]=gmin\n",
    "        result2_cosine[i,1]=gmax\n",
    "\n",
    "print(\"\\t\")\n",
    "print(\"cosine distance results\\t\")    \n",
    "print(\"cosine distance results min-max values\\t\") \n",
    "print(result1_cosine)\n",
    "print(\"\\t\")\n",
    "print(\"cosine distance results min-max positions\\t\") \n",
    "print(result2_cosine)\n",
    "\n"
   ]
  },
  {
   "cell_type": "markdown",
   "metadata": {},
   "source": [
    "In this section, we plot each pair of attributes comparing different normalization methods. This was done using a loop and finding all the possible combinations"
   ]
  },
  {
   "cell_type": "code",
   "execution_count": 13,
   "metadata": {
    "scrolled": true
   },
   "outputs": [
    {
     "name": "stderr",
     "output_type": "stream",
     "text": [
      "c:\\users\\ramanzan\\appdata\\local\\programs\\python\\python36\\lib\\site-packages\\matplotlib\\pyplot.py:513: RuntimeWarning: More than 20 figures have been opened. Figures created through the pyplot interface (`matplotlib.pyplot.figure`) are retained until explicitly closed and may consume too much memory. (To control this warning, see the rcParam `figure.max_open_warning`).\n",
      "  max_open_warning, RuntimeWarning)\n"
     ]
    },
    {
     "data": {
